3
2499
 100.0000000000
   0.0333466720
25
-190.4000000000
-190.4000000000
 190.4000000000
 191.7662337662
 176.7857142857
 -90.0551470588
   1.3250000000
   1.3250000000
   1.3250000000
   1.4522000051
   1.4522000051
   1.4522000051
   0.8000000119
   0.8700000048
   0.8500000238
   0.8199999928
   0.9200000167
   0.8700000048
  -0.1745329252
  -1.5707963268
   1.6057029118
   0.0000000000
   0.0000000000
   1.7451547191
   0.2100000000
  34.7000007629
   0.0110414949
  -0.0111043070
   0.0056565657
0
0
1
1
1
1
